,pred
0,1
1,3
2,1
3,3
4,1
5,0
6,1
7,2
8,0
9,1
10,1
11,1
12,1
13,0
14,1
15,2
16,0
17,3
18,0
19,3
20,1
21,0
22,1
23,0
24,0
25,0
26,0
27,0
28,0
29,3
30,0
31,0
32,1
33,0
34,1
35,0
36,1
37,1
38,0
39,2
40,1
41,1
42,3
43,3
44,1
45,2
46,1
47,3
48,2
49,0
50,3
51,1
52,2
53,0
54,2
55,0
56,2
57,2
58,1
59,2
60,0
61,2
62,3
63,3
64,1
65,0
66,2
67,3
68,1
69,3
70,2
71,3
72,0
73,0
74,0
75,0
76,2
77,1
78,3
79,0
80,2
81,0
82,0
83,2
84,0
85,1
86,1
87,0
88,1
89,1
90,3
91,2
92,1
93,2
94,1
95,0
96,0
97,3
98,2
99,1
100,1
101,3
102,0
103,1
104,0
105,2
106,3
107,3
108,0
109,0
110,1
111,3
112,2
113,3
114,2
115,1
116,0
117,1
118,0
119,0
120,3
121,3
122,3
123,0
124,1
125,0
126,0
127,1
128,0
129,2
130,0
131,0
132,3
133,1
134,3
135,0
136,3
137,2
138,2
139,0
140,1
141,2
142,2
143,0
144,0
145,0
146,0
147,3
148,0
149,1
150,2
151,2
152,0
153,0
154,0
155,3
156,3
157,3
158,3
159,3
160,3
161,2
162,3
163,1
164,0
165,1
166,1
167,1
168,0
169,2
170,1
171,1
172,3
173,2
174,2
175,3
176,1
177,1
178,0
179,2
180,2
181,1
182,3
183,1
184,1
185,2
186,1
187,2
188,3
189,2
190,3
191,1
192,1
193,1
194,0
195,1
196,3
197,2
198,3
199,2
200,0
201,2
202,2
203,1
204,1
205,3
206,0
207,3
208,1
209,3
210,1
211,1
212,3
213,3
214,0
215,0
216,3
217,0
218,1
219,0
220,3
221,1
222,2
223,3
224,1
225,0
226,2
227,0
228,1
229,0
230,2
231,2
232,3
233,2
234,1
235,1
236,1
237,0
238,1
239,2
240,3
241,3
242,0
243,2
244,1
245,3
246,1
247,0
248,2
249,3
250,2
251,1
252,2
253,0
254,1
255,3
256,1
257,1
258,0
259,1
260,1
261,1
262,0
263,2
264,1
265,3
266,3
267,2
268,0
269,1
270,1
271,2
272,1
273,2
274,3
275,1
276,3
277,0
278,0
279,3
280,0
281,1
282,3
283,1
284,2
285,2
286,0
287,1
288,1
289,2
290,1
291,3
292,1
293,0
294,0
295,2
296,1
297,3
298,1
299,3
300,2
301,2
302,1
303,1
304,3
305,1
306,0
307,0
308,1
309,2
310,1
311,3
312,1
313,0
314,3
315,3
316,0
317,2
318,2
319,0
320,0
321,1
322,0
323,2
324,3
325,2
326,3
327,1
328,2
329,1
330,3
331,1
332,0
333,3
334,0
335,3
336,0
337,0
338,1
339,1
340,3
341,1
342,0
343,1
344,1
345,3
346,0
347,1
348,3
349,1
350,0
351,1
352,3
353,3
354,0
355,0
356,0
357,0
358,0
359,0
360,2
361,1
362,2
363,0
364,3
365,2
366,3
367,2
368,3
369,1
370,0
371,0
372,3
373,3
374,2
375,3
376,1
377,2
378,3
379,3
380,3
381,1
382,1
383,0
384,0
385,1
386,1
387,3
388,1
389,0
390,1
391,0
392,0
393,0
394,0
395,3
396,1
397,2
398,3
399,1
400,0
401,3
402,1
403,1
404,0
405,3
406,0
407,3
408,1
409,2
410,0
411,2
412,0
413,3
414,3
415,3
416,3
417,2
418,0
419,0
420,0
421,1
422,3
423,1
424,0
425,1
426,3
427,2
428,2
429,3
430,3
431,0
432,0
433,1
434,0
435,1
436,0
437,3
438,2
439,1
440,0
441,2
442,2
443,3
444,1
445,0
446,0
447,2
448,3
449,0
450,2
451,1
452,0
453,2
454,0
455,2
456,0
457,2
458,2
459,0
460,0
461,0
462,1
463,3
464,1
465,0
466,3
467,1
468,2
469,0
470,3
471,0
472,0
473,3
474,1
475,0
476,0
477,3
478,0
479,1
480,2
481,3
482,3
483,0
484,1
485,1
486,0
487,1
488,1
489,3
490,2
491,3
492,2
493,1
494,3
495,1
496,2
497,3
498,0
499,3
500,1
501,0
502,2
503,0
504,0
505,0
506,2
507,2
508,0
509,2
510,2
511,3
512,3
513,1
514,2
515,1
516,3
517,0
518,0
519,3
520,1
521,3
522,3
523,0
524,0
525,0
526,3
527,0
528,3
529,0
530,3
531,1
532,3
533,0
534,2
535,0
536,1
537,0
538,3
539,0
540,3
541,2
542,3
543,1
544,3
545,2
546,0
547,0
548,3
549,1
550,1
551,0
552,0
553,1
554,2
555,3
556,0
557,0
558,1
559,0
560,0
561,1
562,2
563,2
564,1
565,0
566,3
567,2
568,1
569,0
570,2
571,3
572,0
573,2
574,1
575,3
576,2
577,1
578,2
579,1
580,2
581,1
582,1
583,0
584,0
585,0
586,3
587,0
588,1
589,1
590,2
591,3
592,3
593,0
594,3
595,3
596,0
597,2
598,1
599,3
600,3
601,2
602,1
603,0
604,2
605,0
606,2
607,0
608,0
609,3
610,2
611,2
612,3
613,0
614,0
615,3
616,3
617,3
618,3
619,3
620,3
621,0
622,3
623,1
624,3
625,1
626,2
627,1
628,2
629,2
630,3
631,1
632,0
633,0
634,3
635,2
636,2
637,2
638,3
639,0
640,0
641,0
642,1
643,0
644,1
645,3
646,2
647,3
648,0
649,3
650,1
651,0
652,3
653,3
654,3
655,3
656,1
657,0
658,0
659,2
660,2
661,0
662,2
663,3
664,2
665,1
666,3
667,0
668,3
669,2
670,1
671,1
672,0
673,2
674,1
675,2
676,0
677,3
678,2
679,3
680,2
681,3
682,1
683,1
684,2
685,2
686,1
687,1
688,0
689,0
690,0
691,3
692,0
693,2
694,0
695,2
696,1
697,0
698,1
699,0
700,0
701,1
702,2
703,2
704,3
705,0
706,3
707,0
708,3
709,2
710,2
711,2
712,3
713,3
714,2
715,2
716,1
717,3
718,1
719,3
720,0
721,0
722,3
723,2
724,0
725,1
726,1
727,3
728,0
729,2
730,1
731,1
732,0
733,3
734,2
735,0
736,0
737,1
738,0
739,0
740,2
741,3
742,2
743,1
744,0
745,3
746,3
747,1
748,2
749,0
750,0
751,0
752,1
753,3
754,3
755,2
756,3
757,1
758,1
759,2
760,1
761,1
762,1
763,1
764,3
765,3
766,3
767,3
768,0
769,1
770,3
771,1
772,1
773,1
774,3
775,3
776,1
777,1
778,0
779,0
780,1
781,0
782,2
783,0
784,3
785,2
786,3
787,2
788,2
789,0
790,3
791,3
792,0
793,0
794,3
795,3
796,1
797,1
798,1
799,3
800,0
801,3
802,2
803,0
804,3
805,3
806,1
807,0
808,2
809,1
810,3
811,1
812,2
813,1
814,3
815,2
816,2
817,0
818,1
819,0
820,2
821,0
822,0
823,2
824,2
825,1
826,1
827,3
828,0
829,2
830,0
831,0
832,0
833,3
834,0
835,1
836,3
837,1
838,1
839,2
840,0
841,0
842,1
843,1
844,2
845,2
846,0
847,2
848,2
849,0
850,0
851,0
852,1
853,2
854,1
855,3
856,0
857,2
858,3
859,2
860,2
861,3
862,1
863,3
864,0
865,3
866,0
867,2
868,3
869,2
870,1
871,1
872,0
873,3
874,2
875,0
876,3
877,0
878,0
879,0
880,2
881,2
882,0
883,1
884,1
885,3
886,0
887,1
888,3
889,3
890,1
891,1
892,0
893,2
894,1
895,0
896,2
897,1
898,1
899,2
900,2
901,2
902,2
903,1
904,1
905,1
906,3
907,2
908,3
909,0
910,1
911,2
912,2
913,1
914,2
915,1
916,3
917,2
918,2
919,0
920,1
921,3
922,1
923,3
924,1
925,3
926,2
927,0
928,0
929,1
930,0
931,0
932,0
933,3
934,0
935,1
936,2
937,0
938,3
939,1
940,1
941,0
942,2
943,2
944,0
945,0
946,2
947,0
948,0
949,2
950,2
951,1
952,1
953,3
954,3
955,3
956,2
957,0
958,0
959,0
960,3
961,2
962,2
963,2
964,0
965,2
966,3
967,3
968,2
969,1
970,1
971,3
972,2
973,1
974,0
975,0
976,2
977,2
978,0
979,0
980,1
981,1
982,3
983,0
984,2
985,0
986,3
987,3
988,3
989,0
990,1
991,0
992,0
993,3
994,2
995,0
996,1
997,0
998,3
999,2
1000,3
1001,0
1002,0
1003,3
1004,1
1005,2
1006,0
1007,0
1008,3
1009,2
1010,1
1011,2
1012,0
1013,2
1014,1
1015,1
1016,2
1017,0
1018,1
1019,3
1020,0
1021,0
1022,1
1023,1
1024,1
1025,0
1026,2
1027,0
1028,1
1029,0
1030,1
1031,2
1032,1
1033,1
1034,1
1035,0
1036,3
1037,2
1038,3
1039,0
1040,3
1041,1
1042,3
1043,2
1044,1
1045,0
1046,1
1047,0
1048,0
1049,0
1050,0
1051,0
1052,0
1053,1
1054,2
1055,1
1056,1
1057,3
1058,1
1059,1
1060,1
1061,1
1062,0
1063,2
1064,3
1065,3
1066,0
1067,2
1068,0
1069,1
1070,2
1071,0
1072,1
1073,0
1074,2
1075,0
1076,3
1077,1
1078,2
1079,1
1080,3
1081,2
1082,3
1083,3
1084,0
1085,2
1086,2
1087,2
1088,3
1089,1
1090,0
1091,1
1092,1
1093,1
1094,3
1095,1
1096,0
1097,3
1098,3
1099,2
1100,3
1101,1
1102,0
1103,1
1104,2
1105,0
1106,0
1107,1
1108,3
1109,3
1110,2
1111,3
1112,3
1113,1
1114,0
1115,2
1116,1
1117,3
1118,2
1119,0
1120,1
1121,2
1122,1
1123,0
1124,1
1125,3
1126,1
1127,3
1128,3
1129,1
1130,1
1131,3
1132,1
1133,1
1134,1
1135,0
1136,1
1137,1
1138,1
1139,2
1140,1
1141,2
1142,1
1143,3
1144,0
1145,0
1146,3
1147,0
1148,0
1149,1
1150,3
1151,2
1152,0
1153,2
1154,0
1155,3
1156,1
1157,0
1158,3
1159,0
1160,1
1161,2
1162,1
1163,3
1164,3
1165,3
1166,3
1167,1
1168,1
1169,3
1170,0
1171,0
1172,3
1173,1
1174,3
1175,2
1176,2
1177,1
1178,3
1179,0
1180,2
1181,2
1182,0
1183,3
1184,3
1185,2
1186,1
1187,0
1188,0
1189,2
1190,2
1191,1
1192,1
1193,1
1194,0
1195,2
1196,0
1197,1
1198,0
1199,0
1200,1
1201,1
1202,1
1203,3
1204,2
1205,1
1206,2
1207,3
1208,3
1209,3
1210,0
1211,3
1212,1
1213,3
1214,0
1215,0
1216,3
1217,2
1218,3
1219,0
1220,0
1221,0
1222,1
1223,1
1224,3
1225,2
1226,0
1227,3
1228,1
1229,1
1230,3
1231,0
1232,0
1233,0
1234,1
1235,2
1236,1
1237,3
1238,0
1239,3
1240,2
1241,1
1242,0
1243,0
1244,1
1245,0
1246,0
1247,0
1248,2
1249,1
1250,1
1251,0
1252,3
1253,3
1254,3
1255,0
1256,1
1257,0
1258,0
1259,0
1260,0
1261,1
1262,3
1263,0
1264,0
1265,1
1266,3
1267,3
1268,2
1269,0
1270,3
1271,3
1272,1
1273,1
1274,1
1275,0
1276,2
1277,3
1278,0
1279,1
1280,0
1281,1
1282,0
1283,3
1284,3
1285,0
1286,0
1287,3
1288,0
1289,3
1290,0
1291,0
1292,2
1293,0
1294,2
1295,2
1296,1
1297,2
1298,0
1299,2
1300,1
1301,0
1302,2
1303,3
1304,0
1305,3
1306,3
1307,2
1308,3
1309,0
1310,1
1311,3
1312,2
1313,1
1314,2
1315,3
1316,0
1317,3
1318,3
1319,0
1320,2
1321,2
1322,3
1323,0
1324,2
1325,2
1326,1
1327,2
1328,3
1329,1
1330,2
1331,1
1332,3
1333,2
1334,1
1335,1
1336,2
1337,0
1338,2
1339,1
1340,0
1341,3
1342,0
1343,3
1344,1
1345,3
1346,1
1347,1
1348,0
1349,3
1350,1
1351,2
1352,2
1353,2
1354,2
1355,1
1356,3
1357,0
1358,0
1359,2
1360,1
1361,0
1362,3
1363,1
1364,0
1365,2
1366,1
1367,0
1368,1
1369,3
1370,2
1371,0
1372,3
1373,2
1374,2
1375,3
1376,0
1377,2
1378,0
1379,1
1380,1
1381,2
1382,0
1383,3
1384,2
1385,0
1386,3
1387,0
1388,2
1389,3
1390,2
1391,1
1392,1
1393,3
1394,2
1395,1
1396,1
1397,0
1398,2
1399,0
1400,1
1401,0
1402,2
1403,3
1404,1
1405,2
1406,1
1407,2
1408,1
1409,2
1410,3
1411,3
1412,0
1413,0
1414,3
1415,1
1416,3
1417,3
1418,2
1419,0
1420,3
1421,0
1422,1
1423,3
1424,2
1425,3
1426,0
1427,0
1428,2
1429,2
1430,3
1431,2
1432,0
1433,0
1434,1
1435,3
1436,2
1437,3
1438,1
1439,2
1440,2
1441,0
1442,0
1443,0
1444,3
1445,2
1446,1
1447,3
1448,0
1449,1
1450,0
1451,1
1452,1
1453,2
1454,1
1455,2
1456,2
1457,3
1458,3
1459,2
1460,3
1461,3
1462,0
1463,3
1464,0
1465,0
1466,1
1467,0
1468,1
1469,3
1470,2
1471,3
1472,3
1473,3
1474,1
1475,1
1476,1
1477,3
1478,0
1479,3
1480,1
1481,0
1482,1
1483,0
1484,2
1485,2
1486,3
1487,0
1488,0
1489,2
1490,2
1491,1
1492,0
1493,1
1494,2
1495,0
1496,2
1497,2
1498,0
1499,3
1500,2
1501,1
1502,2
1503,1
1504,2
1505,3
1506,0
1507,3
1508,0
1509,0
1510,2
1511,3
1512,3
1513,3
1514,2
1515,3
1516,0
1517,1
1518,0
1519,3
1520,3
1521,3
1522,0
1523,0
1524,0
1525,3
1526,3
1527,3
1528,2
1529,1
1530,1
1531,1
1532,3
1533,0
1534,1
1535,1
1536,2
1537,2
1538,3
1539,1
1540,1
1541,1
1542,3
1543,3
1544,3
1545,1
1546,0
1547,0
1548,2
1549,3
1550,3
1551,3
1552,2
1553,3
1554,2
1555,1
1556,2
1557,1
1558,2
1559,2
1560,3
1561,0
1562,0
1563,1
1564,0
1565,2
1566,0
1567,1
1568,2
1569,0
1570,1
1571,3
1572,1
1573,0
1574,0
1575,3
1576,0
1577,3
1578,3
1579,2
1580,0
1581,0
1582,2
1583,1
1584,0
1585,0
1586,3
1587,1
1588,2
1589,0
1590,1
1591,1
1592,2
1593,1
1594,3
1595,1
1596,1
1597,3
1598,3
1599,3
1600,3
1601,1
1602,0
1603,3
1604,1
1605,3
1606,2
1607,1
1608,1
1609,2
1610,3
1611,3
1612,0
1613,0
1614,0
1615,3
1616,3
1617,3
1618,1
1619,2
1620,0
1621,0
1622,2
1623,2
1624,3
1625,0
1626,2
1627,2
1628,0
1629,3
1630,0
1631,2
1632,0
1633,2
1634,0
1635,2
1636,2
1637,2
1638,1
1639,1
1640,1
1641,1
1642,2
1643,0
1644,1
1645,0
1646,3
1647,0
1648,1
1649,1
1650,1
1651,1
1652,0
1653,2
1654,2
1655,3
1656,3
1657,1
1658,1
1659,0
1660,2
1661,1
1662,1
1663,2
1664,2
1665,2
1666,2
1667,2
1668,0
1669,0
1670,1
1671,1
1672,1
1673,2
1674,1
1675,1
1676,2
1677,3
1678,2
1679,2
1680,1
1681,1
1682,1
1683,0
1684,0
1685,1
1686,1
1687,0
1688,3
1689,0
1690,0
1691,0
1692,1
1693,3
1694,1
1695,2
1696,1
1697,3
1698,1
1699,0
1700,3
1701,0
1702,3
1703,2
1704,0
1705,2
1706,2
1707,3
1708,0
1709,1
1710,1
1711,1
1712,1
1713,0
1714,1
1715,2
1716,2
1717,0
1718,3
1719,3
1720,2
1721,2
1722,0
1723,1
1724,1
1725,3
1726,0
1727,1
1728,3
1729,0
1730,0
1731,3
1732,1
1733,0
1734,0
1735,3
1736,3
1737,0
1738,2
1739,1
1740,0
1741,2
1742,3
1743,2
1744,2
1745,2
1746,2
1747,0
1748,1
1749,0
1750,1
1751,2
1752,1
1753,0
1754,0
1755,0
1756,0
1757,3
1758,2
1759,2
1760,0
1761,0
1762,1
1763,2
1764,2
1765,0
1766,3
1767,3
1768,1
1769,0
1770,3
1771,0
1772,0
1773,2
1774,3
1775,3
1776,3
1777,3
1778,0
1779,2
1780,2
1781,2
1782,2
1783,2
1784,0
1785,1
1786,0
1787,0
1788,2
1789,1
1790,1
1791,3
1792,0
1793,2
1794,2
1795,3
1796,1
1797,0
1798,1
1799,2
1800,2
1801,3
1802,0
1803,0
1804,3
1805,2
1806,0
1807,1
1808,1
1809,1
1810,0
1811,3
1812,1
1813,3
1814,0
1815,1
1816,0
1817,1
1818,2
1819,2
1820,0
1821,2
1822,0
1823,2
1824,0
1825,0
1826,1
1827,3
1828,1
1829,3
1830,0
1831,1
1832,3
1833,3
1834,3
1835,3
1836,0
1837,0
1838,3
1839,3
1840,1
1841,0
1842,2
1843,1
1844,2
1845,0
1846,3
1847,0
1848,1
1849,0
1850,3
1851,3
1852,2
1853,0
1854,3
1855,3
1856,2
1857,0
1858,0
1859,2
1860,1
1861,2
1862,0
1863,0
1864,0
1865,2
1866,1
1867,1
1868,1
1869,2
1870,0
1871,0
1872,3
1873,0
1874,3
1875,0
1876,3
1877,2
1878,1
1879,2
1880,1
1881,2
1882,3
1883,3
1884,2
1885,0
1886,3
1887,2
1888,0
1889,0
1890,3
1891,2
1892,3
1893,3
1894,1
1895,3
1896,2
1897,1
1898,3
1899,2
1900,2
1901,3
1902,1
1903,1
1904,0
1905,1
1906,2
1907,2
1908,3
1909,2
1910,0
1911,1
1912,3
1913,1
1914,3
1915,0
1916,3
1917,1
1918,0
1919,1
1920,3
1921,3
1922,1
1923,0
1924,0
1925,2
1926,3
1927,1
1928,2
1929,0
1930,0
1931,3
1932,2
1933,3
1934,0
1935,0
1936,2
1937,2
1938,1
1939,1
1940,2
1941,2
1942,2
1943,3
1944,1
1945,3
1946,1
1947,0
1948,1
1949,1
1950,1
1951,0
1952,1
1953,0
1954,1
1955,3
1956,0
1957,3
1958,2
1959,2
1960,2
1961,3
1962,0
1963,2
1964,3
1965,0
1966,3
1967,1
1968,3
1969,3
1970,0
1971,0
1972,2
1973,0
1974,3
1975,3
1976,1
1977,0
1978,2
1979,3
1980,0
1981,1
1982,3
1983,3
1984,1
1985,3
1986,3
1987,2
1988,1
1989,0
1990,0
1991,3
1992,1
1993,3
1994,2
1995,1
1996,3
1997,2
1998,0
1999,1
2000,0
2001,1
2002,0
2003,2
2004,3
2005,2
2006,1
2007,0
2008,0
2009,1
2010,1
2011,2
2012,1
2013,3
2014,0
2015,2
2016,2
2017,3
2018,2
2019,1
2020,3
2021,1
2022,0
2023,1
2024,0
2025,0
2026,1
2027,3
2028,2
2029,0
2030,1
2031,2
2032,1
2033,1
2034,0
2035,3
2036,2
2037,3
2038,1
2039,2
2040,1
2041,2
2042,0
2043,2
2044,0
2045,0
2046,0
2047,0
2048,2
2049,3
2050,0
2051,2
2052,3
2053,2
2054,1
2055,0
2056,0
2057,3
2058,0
2059,3
2060,1
2061,2
2062,3
2063,2
2064,1
2065,2
2066,3
2067,3
2068,1
2069,2
2070,1
2071,1
2072,2
2073,3
2074,3
2075,0
2076,3
2077,0
2078,1
2079,0
2080,3
2081,1
2082,1
2083,2
2084,3
2085,1
2086,1
2087,0
2088,1
2089,3
2090,1
2091,3
2092,2
2093,0
2094,2
2095,0
2096,1
2097,1
2098,1
2099,2
2100,0
2101,0
2102,0
2103,1
2104,0
2105,0
2106,2
2107,0
2108,3
2109,2
2110,1
2111,3
2112,1
2113,3
2114,0
2115,1
2116,0
2117,0
2118,2
2119,0
2120,0
2121,1
2122,0
2123,1
2124,1
2125,3
2126,3
2127,3
2128,1
2129,0
2130,0
2131,3
2132,3
2133,1
2134,1
2135,0
2136,0
2137,0
2138,1
2139,0
2140,3
2141,2
2142,2
2143,2
2144,1
2145,0
2146,3
2147,0
2148,1
2149,0
2150,1
2151,2
2152,1
2153,1
2154,3
2155,0
2156,1
2157,2
2158,0
2159,0
2160,1
2161,2
2162,0
2163,0
2164,0
2165,0
2166,1
2167,1
2168,1
2169,1
2170,3
2171,3
2172,0
2173,3
2174,0
2175,0
2176,0
2177,3
2178,0
2179,3
2180,0
2181,1
2182,2
2183,0
2184,3
2185,0
2186,0
2187,1
2188,2
2189,3
2190,2
2191,1
2192,3
2193,0
2194,1
2195,2
2196,1
2197,1
2198,0
2199,0
2200,3
2201,2
2202,1
2203,1
2204,1
2205,0
2206,0
2207,2
2208,0
2209,2
2210,3
2211,3
2212,3
2213,0
2214,0
2215,1
2216,0
2217,3
2218,1
2219,3
2220,1
2221,3
2222,2
2223,0
2224,2
2225,1
2226,0
2227,1
2228,3
2229,3
2230,0
2231,3
2232,0
2233,0
2234,1
2235,2
2236,2
2237,1
2238,1
2239,0
2240,0
2241,2
2242,0
2243,0
2244,1
2245,0
2246,1
2247,3
2248,2
2249,0
2250,1
2251,0
2252,0
2253,1
2254,3
2255,1
2256,0
2257,0
2258,3
2259,0
2260,1
2261,1
2262,1
2263,2
2264,2
2265,1
2266,1
2267,1
2268,1
2269,0
2270,2
2271,3
2272,3
2273,0
2274,0
2275,3
2276,2
2277,3
2278,0
2279,2
2280,0
2281,1
2282,2
2283,3
2284,0
2285,3
2286,3
2287,3
2288,0
2289,1
2290,2
2291,0
2292,1
2293,1
2294,2
2295,2
2296,0
2297,0
2298,0
2299,1
2300,2
2301,2
2302,2
2303,1
2304,1
2305,0
2306,0
2307,1
2308,2
2309,3
2310,1
2311,2
2312,3
2313,1
2314,1
2315,3
2316,0
2317,0
2318,1
2319,2
2320,1
2321,1
2322,2
2323,2
2324,2
2325,2
2326,1
2327,0
2328,0
2329,2
2330,0
2331,2
2332,3
2333,2
2334,0
2335,3
2336,0
2337,2
2338,1
2339,2
2340,1
2341,1
2342,1
2343,0
2344,1
2345,3
2346,1
2347,0
2348,3
2349,0
2350,2
2351,0
2352,0
2353,2
2354,1
2355,0
2356,0
2357,0
2358,3
2359,3
2360,3
2361,1
2362,3
2363,0
2364,3
2365,1
2366,2
2367,0
2368,3
2369,0
2370,1
2371,2
2372,0
2373,2
2374,0
2375,0
2376,0
2377,2
2378,1
2379,0
2380,1
2381,1
2382,1
2383,0
2384,2
2385,0
2386,0
2387,0
2388,1
2389,1
2390,2
2391,1
2392,2
2393,0
2394,1
2395,3
2396,1
2397,1
2398,2
2399,3
2400,1
2401,3
2402,1
2403,3
2404,0
2405,2
2406,2
2407,2
2408,3
2409,3
2410,0
2411,2
2412,0
2413,0
2414,0
2415,1
2416,2
2417,3
2418,3
2419,1
2420,1
2421,2
2422,0
2423,1
2424,1
2425,0
2426,0
2427,1
2428,0
2429,1
2430,0
2431,3
2432,3
2433,2
2434,2
2435,3
2436,2
2437,0
2438,0
2439,0
2440,3
2441,2
2442,1
2443,0
2444,0
2445,2
2446,0
2447,1
2448,0
2449,0
2450,1
2451,0
2452,2
2453,1
2454,0
2455,2
2456,0
2457,2
2458,1
2459,0
2460,0
2461,1
2462,1
2463,3
2464,1
2465,3
2466,1
2467,0
2468,3
2469,0
2470,3
2471,2
2472,3
2473,2
2474,1
2475,2
2476,1
2477,0
2478,2
2479,1
2480,2
2481,0
2482,1
2483,2
2484,0
2485,1
2486,0
2487,1
2488,0
2489,3
2490,3
2491,3
2492,0
2493,3
2494,0
2495,3
2496,3
2497,3
2498,3
2499,3
2500,3
2501,1
2502,2
2503,0
2504,0
2505,2
2506,2
2507,2
2508,3
2509,1
2510,3
2511,3
2512,0
2513,0
2514,3
2515,3
2516,1
2517,2
2518,1
2519,1
2520,3
2521,3
2522,1
2523,1
2524,0
2525,0
2526,0
2527,3
2528,2
2529,2
2530,3
2531,1
2532,1
2533,2
2534,2
2535,2
2536,1
2537,1
2538,2
2539,2
2540,1
2541,2
2542,0
2543,3
2544,0
2545,2
2546,0
2547,2
2548,3
2549,2
2550,0
2551,0
2552,3
2553,1
2554,0
2555,0
2556,2
2557,3
2558,1
2559,0
2560,0
2561,3
2562,2
2563,3
2564,1
2565,0
2566,3
2567,0
2568,2
2569,3
2570,0
2571,0
2572,2
2573,2
2574,1
2575,0
2576,1
2577,3
2578,2
2579,1
2580,2
2581,0
2582,0
2583,0
2584,1
2585,1
2586,1
2587,2
2588,1
2589,2
2590,1
2591,3
2592,0
2593,1
2594,1
2595,1
2596,3
2597,1
2598,3
2599,0
2600,0
2601,2
2602,2
2603,3
2604,1
2605,0
2606,2
2607,0
2608,0
2609,0
2610,2
2611,0
2612,2
2613,2
2614,1
2615,1
2616,0
2617,3
2618,0
2619,0
2620,0
2621,0
2622,0
2623,0
2624,1
2625,0
2626,3
2627,0
2628,3
2629,0
2630,0
2631,3
2632,0
2633,0
2634,3
2635,1
2636,2
2637,3
2638,0
2639,0
2640,2
2641,3
2642,2
2643,3
2644,2
2645,1
2646,2
2647,2
2648,0
2649,2
2650,1
2651,3
2652,0
2653,3
2654,3
2655,3
2656,2
2657,0
2658,0
2659,2
2660,3
2661,0
2662,3
2663,2
2664,2
2665,1
2666,2
2667,0
2668,0
2669,0
2670,0
2671,0
2672,1
2673,2
2674,2
2675,1
2676,0
2677,3
2678,0
2679,2
2680,0
2681,1
2682,0
2683,0
2684,2
2685,1
2686,1
2687,2
2688,0
2689,0
2690,1
2691,3
2692,1
2693,2
2694,1
2695,0
2696,2
2697,3
2698,3
2699,3
2700,3
2701,1
2702,0
2703,2
2704,3
2705,2
2706,1
2707,2
2708,2
2709,0
2710,1
2711,0
2712,3
2713,3
2714,1
2715,0
2716,0
2717,3
2718,0
2719,1
2720,2
2721,2
2722,3
2723,2
2724,3
2725,0
2726,2
2727,1
2728,0
2729,1
2730,3
2731,2
2732,3
2733,2
2734,2
2735,1
2736,0
2737,0
2738,2
2739,3
2740,2
2741,1
2742,1
2743,1
2744,3
2745,3
2746,3
2747,2
2748,0
2749,1
2750,3
2751,0
2752,2
2753,3
2754,3
2755,1
2756,1
2757,2
2758,0
2759,3
2760,3
2761,3
2762,1
2763,3
2764,3
2765,0
2766,3
2767,0
2768,2
2769,0
2770,3
2771,3
2772,2
2773,0
2774,2
2775,2
2776,0
2777,0
2778,1
2779,3
2780,1
2781,0
2782,2
2783,3
2784,0
2785,3
2786,0
2787,2
2788,2
2789,3
2790,0
2791,3
2792,0
2793,0
2794,0
2795,1
2796,0
2797,1
2798,0
2799,1
2800,2
2801,0
2802,0
2803,0
2804,0
2805,3
2806,3
2807,0
2808,1
2809,2
2810,3
2811,0
2812,3
2813,1
2814,2
2815,2
2816,0
2817,0
2818,2
2819,3
2820,0
2821,1
2822,3
2823,1
2824,0
2825,0
2826,3
2827,0
2828,3
2829,1
2830,3
2831,0
2832,0
2833,2
2834,3
2835,2
2836,2
2837,2
2838,3
2839,3
2840,3
2841,1
2842,3
2843,1
2844,2
2845,3
2846,1
2847,2
2848,1
2849,0
2850,0
2851,0
2852,0
2853,0
2854,0
2855,1
2856,2
2857,1
2858,0
2859,2
2860,3
2861,0
2862,3
2863,2
2864,1
2865,0
2866,3
2867,3
2868,2
2869,0
2870,1
2871,3
2872,2
2873,0
2874,0
2875,3
2876,0
2877,0
2878,1
2879,0
2880,3
2881,1
2882,0
2883,1
2884,1
2885,0
2886,1
2887,2
2888,3
2889,3
2890,2
2891,2
2892,2
2893,2
2894,0
2895,2
2896,1
2897,3
2898,0
2899,2
2900,2
2901,0
2902,2
2903,3
2904,2
2905,1
2906,1
2907,0
2908,0
2909,0
2910,0
2911,1
2912,2
2913,1
2914,3
2915,2
2916,3
2917,1
2918,2
2919,0
2920,3
2921,2
2922,1
2923,1
2924,1
2925,1
2926,0
2927,3
2928,2
2929,0
2930,2
2931,0
2932,0
2933,0
2934,1
2935,0
2936,0
2937,2
2938,1
2939,0
2940,3
2941,0
2942,1
2943,2
2944,1
2945,1
2946,2
2947,3
2948,3
2949,0
2950,3
2951,0
2952,2
2953,3
2954,3
2955,0
2956,0
2957,2
2958,1
2959,2
2960,1
2961,0
2962,0
2963,0
2964,2
2965,2
2966,2
2967,0
2968,2
2969,3
2970,0
2971,0
2972,0
2973,1
2974,0
2975,1
2976,2
2977,3
2978,2
2979,3
2980,2
2981,1
2982,1
2983,0
2984,3
2985,3
2986,0
2987,1
2988,2
2989,2
2990,2
2991,1
2992,1
2993,3
2994,0
2995,0
2996,3
2997,1
2998,3
2999,3
3000,2
3001,1
3002,0
3003,3
3004,3
3005,0
3006,0
3007,3
3008,1
3009,3
3010,0
3011,3
3012,1
3013,1
3014,2
3015,0
3016,3
3017,1
3018,0
3019,3
3020,3
3021,3
3022,0
3023,3
3024,0
3025,0
3026,2
3027,1
3028,0
3029,1
3030,2
3031,1
3032,3
3033,2
3034,2
3035,3
3036,2
3037,0
3038,2
3039,0
3040,0
3041,3
3042,0
3043,0
3044,3
3045,3
3046,1
3047,3
3048,2
3049,2
3050,0
3051,1
3052,0
3053,0
3054,1
3055,3
3056,1
3057,2
3058,2
3059,3
3060,0
3061,3
3062,0
3063,2
3064,2
3065,2
3066,1
3067,3
3068,3
3069,3
3070,0
3071,1
3072,0
3073,0
3074,3
3075,1
3076,1
3077,3
3078,1
3079,0
3080,2
3081,1
3082,0
3083,1
3084,3
3085,2
3086,1
3087,1
3088,1
3089,1
3090,3
3091,0
3092,3
3093,0
3094,0
3095,1
3096,0
3097,0
3098,1
3099,3
3100,0
3101,0
3102,3
3103,2
3104,1
3105,1
3106,1
3107,3
3108,0
3109,3
3110,0
3111,0
3112,1
3113,3
3114,1
3115,1
3116,2
3117,3
3118,0
3119,1
3120,0
3121,1
3122,3
3123,0
3124,0
3125,0
3126,0
3127,2
3128,1
3129,1
3130,2
3131,2
3132,0
3133,3
3134,3
3135,0
3136,0
3137,0
3138,1
3139,3
3140,0
3141,2
3142,0
3143,0
3144,1
3145,0
3146,0
3147,3
3148,0
3149,3
3150,2
3151,0
3152,0
3153,3
3154,0
3155,2
3156,0
3157,3
3158,0
3159,3
3160,1
3161,2
3162,0
3163,1
3164,3
3165,0
3166,2
3167,1
3168,0
3169,1
3170,3
3171,3
3172,1
3173,1
3174,2
3175,1
3176,2
3177,3
3178,1
3179,0
3180,0
3181,0
3182,2
3183,3
3184,3
3185,0
3186,1
3187,2
3188,2
3189,0
3190,2
3191,0
3192,1
3193,0
3194,1
3195,3
3196,1
3197,3
3198,0
3199,1
3200,0
3201,0
3202,0
3203,1
3204,0
3205,3
3206,2
3207,1
3208,0
3209,2
3210,1
3211,3
3212,3
3213,1
3214,2
3215,3
3216,0
3217,0
3218,0
3219,3
3220,1
3221,1
3222,3
3223,3
3224,0
3225,2
3226,0
3227,2
3228,2
3229,0
3230,0
3231,0
3232,0
3233,1
3234,3
3235,0
3236,1
3237,1
3238,2
3239,0
3240,2
3241,3
3242,0
3243,2
3244,1
3245,0
3246,3
3247,3
3248,3
3249,1
3250,1
3251,0
3252,1
3253,1
3254,0
3255,2
3256,0
3257,0
3258,0
3259,1
3260,1
3261,2
3262,0
3263,3
3264,2
3265,0
3266,2
3267,1
3268,3
3269,0
3270,1
3271,3
3272,3
3273,1
3274,1
3275,2
3276,0
3277,2
3278,2
3279,0
3280,2
3281,0
3282,3
3283,3
3284,3
3285,0
3286,2
3287,3
3288,3
3289,2
3290,2
3291,0
3292,2
3293,2
3294,1
3295,1
3296,1
3297,0
3298,3
3299,2
3300,3
3301,2
3302,1
3303,1
3304,0
3305,0
3306,3
3307,3
3308,2
3309,0
3310,1
3311,2
3312,3
3313,3
3314,0
3315,3
3316,2
3317,2
3318,1
3319,0
3320,1
3321,3
3322,1
3323,0
3324,0
3325,2
3326,1
3327,2
3328,3
3329,1
3330,2
3331,3
3332,0
3333,2
3334,0
3335,2
3336,3
3337,0
3338,0
3339,2
3340,2
3341,1
3342,3
3343,3
3344,1
3345,1
3346,2
3347,2
3348,2
3349,0
3350,3
3351,2
3352,2
3353,0
3354,0
3355,0
3356,0
3357,0
3358,0
3359,0
3360,0
3361,2
3362,0
3363,0
3364,0
3365,0
3366,1
3367,3
3368,0
3369,1
3370,0
3371,2
3372,0
3373,0
3374,1
3375,0
3376,2
3377,1
3378,0
3379,3
3380,2
3381,2
3382,1
3383,0
3384,0
3385,1
3386,1
3387,2
3388,0
3389,1
3390,3
3391,3
3392,0
3393,2
3394,3
3395,3
3396,1
3397,3
3398,0
3399,1
3400,2
3401,1
3402,3
3403,2
3404,2
3405,1
3406,0
3407,3
3408,1
3409,1
3410,3
3411,3
3412,3
3413,0
3414,1
3415,0
3416,0
3417,0
3418,2
3419,3
3420,0
3421,0
3422,1
3423,1
3424,2
3425,1
3426,1
3427,3
3428,0
3429,1
3430,1
3431,2
3432,2
3433,0
3434,0
3435,1
3436,0
3437,2
3438,1
3439,1
3440,0
3441,2
3442,1
3443,1
3444,3
3445,2
3446,1
3447,3
3448,1
3449,2
3450,3
3451,0
3452,3
3453,0
3454,2
3455,2
3456,2
3457,2
3458,0
3459,2
3460,1
3461,1
3462,0
3463,1
3464,2
3465,3
3466,0
3467,2
3468,0
3469,3
3470,1
3471,2
3472,1
3473,0
3474,3
3475,2
3476,0
3477,0
3478,2
3479,3
3480,3
3481,0
3482,2
3483,1
3484,1
3485,3
3486,2
3487,2
3488,3
3489,3
3490,1
3491,3
3492,0
3493,3
3494,0
3495,2
3496,2
3497,1
3498,0
3499,0
3500,1
3501,0
3502,1
3503,2
3504,3
3505,0
3506,3
3507,0
3508,1
3509,1
3510,3
3511,0
3512,2
3513,2
3514,1
3515,1
3516,0
3517,2
3518,2
3519,0
3520,1
3521,3
3522,3
3523,2
3524,3
3525,0
3526,2
3527,3
3528,3
3529,3
3530,0
3531,2
3532,3
3533,1
3534,3
3535,1
3536,0
3537,3
3538,1
3539,0
3540,3
3541,3
3542,2
3543,3
3544,1
3545,0
3546,3
3547,0
3548,0
3549,2
3550,2
3551,2
3552,2
3553,0
3554,0
3555,3
3556,2
3557,1
3558,2
3559,3
3560,2
3561,3
3562,3
3563,1
3564,3
3565,3
3566,3
3567,1
3568,0
3569,1
3570,2
3571,3
3572,0
3573,3
3574,3
3575,1
3576,0
3577,3
3578,1
3579,2
3580,0
3581,2
3582,2
3583,0
3584,1
3585,1
3586,1
3587,0
3588,1
3589,0
3590,1
3591,0
3592,0
3593,3
3594,1
3595,1
3596,3
3597,2
3598,1
3599,1
3600,0
3601,3
3602,1
3603,1
3604,2
3605,1
3606,3
3607,1
3608,2
3609,0
3610,2
3611,2
3612,3
3613,0
3614,1
3615,3
3616,1
3617,3
3618,3
3619,1
3620,1
3621,2
3622,2
3623,3
3624,0
3625,0
3626,1
3627,0
3628,0
3629,3
3630,1
3631,0
3632,0
3633,0
3634,3
3635,2
3636,1
3637,3
3638,0
3639,3
3640,0
3641,1
3642,0
3643,1
3644,0
3645,3
3646,2
3647,1
3648,1
3649,3
3650,0
3651,3
3652,1
3653,0
3654,1
3655,1
3656,3
3657,0
3658,0
3659,2
3660,3
3661,2
3662,2
3663,3
3664,2
3665,3
3666,0
3667,1
3668,0
3669,0
3670,0
3671,1
3672,0
3673,1
3674,3
3675,3
3676,2
3677,2
3678,0
3679,0
3680,0
3681,0
3682,0
3683,0
3684,0
3685,1
3686,1
3687,3
3688,2
3689,2
3690,1
3691,3
3692,0
3693,3
3694,3
3695,3
3696,2
3697,3
3698,3
3699,3
3700,0
3701,1
3702,2
3703,3
3704,0
3705,3
3706,2
3707,3
3708,1
3709,0
3710,1
3711,1
3712,1
3713,2
3714,3
3715,3
3716,0
3717,1
3718,1
3719,0
3720,1
3721,1
3722,0
3723,3
3724,1
3725,2
3726,2
3727,0
3728,1
3729,2
3730,3
3731,0
3732,1
3733,2
3734,3
3735,0
3736,0
3737,3
3738,0
3739,1
3740,0
3741,2
3742,3
3743,1
3744,0
3745,1
3746,1
3747,0
3748,3
3749,2
3750,3
3751,2
3752,3
3753,0
3754,0
3755,1
3756,3
3757,0
3758,0
3759,1
3760,0
3761,0
3762,1
3763,3
3764,0
3765,3
3766,1
3767,1
3768,2
3769,1
3770,2
3771,0
3772,3
3773,0
3774,3
3775,1
3776,2
3777,2
3778,1
3779,3
3780,0
3781,3
3782,2
3783,2
3784,1
3785,2
3786,1
3787,0
3788,0
3789,2
3790,3
3791,3
3792,3
3793,3
3794,2
3795,0
3796,1
3797,3
3798,3
3799,3
3800,3
3801,0
3802,1
3803,2
3804,2
3805,2
3806,1
3807,2
3808,2
3809,3
3810,3
3811,1
3812,1
3813,0
3814,1
3815,2
3816,0
3817,2
3818,0
3819,3
3820,0
3821,0
3822,3
3823,2
3824,3
3825,0
3826,3
3827,0
3828,0
3829,3
3830,0
3831,0
3832,0
3833,1
3834,0
3835,2
3836,3
3837,3
3838,3
3839,0
3840,0
3841,0
3842,3
3843,0
3844,3
3845,1
3846,0
3847,0
3848,1
3849,3
3850,2
3851,3
3852,1
3853,3
3854,0
3855,0
3856,3
3857,2
3858,3
3859,2
3860,1
3861,1
3862,3
3863,0
3864,3
3865,0
3866,1
3867,3
3868,3
3869,0
3870,0
3871,3
3872,2
3873,3
3874,2
3875,1
3876,3
3877,0
3878,2
3879,1
3880,2
3881,1
3882,0
3883,0
3884,3
3885,0
3886,3
3887,0
3888,0
3889,1
3890,2
3891,1
3892,1
3893,0
3894,1
3895,2
3896,2
3897,0
3898,3
3899,0
3900,1
3901,2
3902,1
3903,0
3904,3
3905,1
3906,0
3907,3
3908,0
3909,1
3910,0
3911,3
3912,3
3913,1
3914,0
3915,1
3916,3
3917,3
3918,2
3919,3
3920,3
3921,0
3922,3
3923,2
3924,0
3925,0
3926,0
3927,1
3928,0
3929,0
3930,2
3931,1
3932,3
3933,3
3934,1
3935,0
3936,0
3937,2
3938,1
3939,0
3940,3
3941,2
3942,0
3943,1
3944,3
3945,1
3946,0
3947,2
3948,2
3949,1
3950,0
3951,0
3952,2
3953,3
3954,2
3955,0
3956,0
3957,1
3958,2
3959,1
3960,3
3961,3
3962,1
3963,2
3964,2
3965,2
3966,0
3967,0
3968,3
3969,1
3970,0
3971,1
3972,2
3973,1
3974,2
3975,0
3976,3
3977,2
3978,1
3979,2
3980,0
3981,1
3982,3
3983,0
3984,3
3985,2
3986,3
3987,3
3988,2
3989,2
3990,0
3991,3
3992,0
3993,1
3994,0
3995,0
3996,0
3997,1
3998,1
3999,3
4000,2
4001,2
4002,1
4003,1
4004,3
4005,1
4006,1
4007,1
4008,2
4009,0
4010,0
4011,0
4012,1
4013,1
4014,1
4015,2
4016,3
4017,1
4018,2
4019,0
4020,0
4021,3
4022,2
4023,3
4024,2
4025,0
4026,1
4027,0
4028,0
4029,2
4030,0
4031,3
4032,0
4033,0
4034,2
4035,3
4036,2
4037,1
4038,1
4039,3
4040,2
4041,1
4042,2
4043,1
4044,3
4045,3
4046,0
4047,0
4048,1
4049,2
4050,0
4051,1
4052,2
4053,2
4054,0
4055,1
4056,0
4057,2
4058,3
4059,0
4060,3
4061,2
4062,0
4063,1
4064,0
4065,1
4066,0
4067,3
4068,1
4069,3
4070,2
4071,1
4072,0
4073,2
4074,1
4075,1
4076,2
4077,3
4078,3
4079,3
4080,1
4081,0
4082,1
4083,3
4084,0
4085,1
4086,3
4087,0
4088,2
4089,0
4090,3
4091,3
4092,0
4093,0
4094,2
4095,1
4096,3
4097,2
4098,3
4099,2
4100,3
4101,0
4102,3
4103,0
4104,3
4105,0
4106,0
4107,3
4108,1
4109,2
4110,2
4111,0
4112,2
4113,2
4114,3
4115,0
4116,2
4117,0
4118,0
4119,2
4120,0
4121,0
4122,2
4123,1
4124,3
4125,1
4126,2
4127,1
4128,0
4129,1
4130,0
4131,0
4132,1
4133,0
4134,3
4135,1
4136,1
4137,3
4138,0
4139,0
4140,2
4141,1
4142,1
4143,3
4144,1
4145,3
4146,2
4147,0
4148,1
4149,1
4150,0
4151,3
4152,0
4153,0
4154,2
4155,2
4156,3
4157,3
4158,2
4159,2
4160,1
4161,1
4162,0
4163,0
4164,1
4165,1
4166,2
4167,1
4168,2
4169,1
4170,3
4171,1
4172,1
4173,3
4174,1
4175,0
4176,1
4177,3
4178,0
4179,0
4180,0
4181,1
4182,1
4183,2
4184,0
4185,2
4186,3
4187,2
4188,3
4189,2
4190,0
4191,3
4192,0
4193,1
4194,2
4195,2
4196,1
4197,1
4198,0
4199,1
4200,2
4201,2
4202,3
4203,1
4204,2
4205,3
4206,3
4207,0
4208,1
4209,1
4210,0
4211,3
4212,2
4213,2
4214,3
4215,3
4216,0
4217,0
4218,2
4219,3
4220,3
4221,2
4222,2
4223,0
4224,0
4225,2
4226,1
4227,1
4228,1
4229,3
4230,2
4231,3
4232,1
4233,2
4234,0
4235,3
4236,2
4237,0
4238,1
4239,0
4240,3
4241,3
4242,1
4243,2
4244,3
4245,1
4246,3
4247,1
4248,0
4249,1
4250,1
4251,1
4252,0
4253,3
4254,3
4255,3
4256,2
4257,3
4258,1
4259,1
4260,0
4261,1
4262,3
4263,3
4264,0
4265,2
4266,0
4267,2
4268,1
4269,1
4270,3
4271,1
4272,0
4273,1
4274,3
4275,0
4276,0
4277,2
4278,0
4279,1
4280,2
4281,1
4282,0
4283,1
4284,0
4285,2
4286,0
4287,0
4288,1
4289,0
4290,2
4291,3
4292,2
4293,3
4294,0
4295,3
4296,0
4297,0
4298,1
4299,3
4300,1
4301,0
4302,0
4303,1
4304,1
4305,2
4306,0
4307,0
4308,3
4309,1
4310,2
4311,0
4312,3
4313,3
4314,3
4315,2
4316,1
4317,1
4318,0
4319,2
4320,2
4321,1
4322,2
4323,0
4324,0
4325,0
4326,0
4327,0
4328,2
4329,2
4330,1
4331,1
4332,0
4333,2
4334,1
4335,2
4336,2
4337,3
4338,2
4339,3
4340,1
4341,2
4342,3
4343,0
4344,1
4345,3
4346,0
4347,1
4348,0
4349,0
4350,2
4351,1
4352,3
4353,1
4354,2
4355,0
4356,0
4357,0
4358,0
4359,0
4360,1
4361,0
4362,1
4363,0
4364,1
4365,0
4366,0
4367,2
4368,1
4369,0
4370,0
4371,1
4372,3
4373,0
4374,1
4375,1
4376,1
4377,1
4378,1
4379,3
4380,1
4381,3
4382,3
4383,0
4384,2
4385,1
4386,0
4387,3
4388,0
4389,1
4390,3
4391,1
4392,0
4393,2
4394,2
4395,0
4396,1
4397,3
4398,3
4399,0
4400,1
4401,3
4402,3
4403,2
4404,3
4405,3
4406,1
4407,1
4408,2
4409,3
4410,3
4411,0
4412,2
4413,0
4414,0
4415,0
4416,0
4417,0
4418,2
4419,2
4420,3
4421,1
4422,1
4423,1
4424,0
4425,1
4426,3
4427,0
4428,0
4429,0
4430,1
4431,3
4432,3
4433,0
4434,2
4435,0
4436,1
4437,2
4438,2
4439,3
4440,1
4441,1
4442,3
4443,0
4444,1
4445,3
4446,3
4447,3
4448,0
4449,0
4450,3
4451,1
4452,3
4453,0
4454,3
4455,2
4456,0
4457,1
4458,2
4459,0
4460,0
4461,0
4462,2
4463,0
4464,0
4465,0
4466,0
4467,0
4468,1
4469,1
4470,1
4471,1
4472,1
4473,3
4474,0
4475,0
4476,0
4477,1
4478,2
4479,0
4480,1
4481,1
4482,2
4483,1
4484,2
4485,2
4486,3
4487,0
4488,1
4489,3
4490,1
4491,3
4492,0
4493,3
4494,1
4495,2
4496,2
4497,1
4498,1
4499,0
4500,3
4501,0
4502,1
4503,3
4504,1
4505,1
4506,1
4507,2
4508,0
4509,0
4510,0
4511,0
4512,2
4513,0
4514,1
4515,3
4516,2
4517,1
4518,1
4519,3
4520,3
4521,2
4522,2
4523,0
4524,3
4525,0
4526,2
4527,1
4528,3
4529,1
4530,2
4531,2
4532,1
4533,3
4534,3
4535,3
4536,2
4537,0
4538,3
4539,2
4540,2
4541,0
4542,1
4543,0
4544,1
4545,3
4546,2
4547,0
4548,0
4549,0
4550,3
4551,1
4552,0
4553,0
4554,0
4555,3
4556,1
4557,1
4558,0
4559,2
